[gd_scene load_steps=11 format=2]

[ext_resource path="res://main.gd" type="Script" id=1]
[ext_resource path="res://Spatial.tscn" type="PackedScene" id=2]
[ext_resource path="res://walls.tscn" type="PackedScene" id=3]
[ext_resource path="res://KinematicBody.tscn" type="PackedScene" id=4]
[ext_resource path="res://KinematicBody.gd" type="Script" id=5]
[ext_resource path="res://ball.tscn" type="PackedScene" id=6]
[ext_resource path="res://goal.tscn" type="PackedScene" id=7]
[ext_resource path="res://points_darkmatter.tscn" type="PackedScene" id=8]
[ext_resource path="res://points_darkmatter.gd" type="Script" id=9]

[sub_resource type="BoxShape" id=1]
extents = Vector3( 1, 7.93609, 6.56431 )

[node name="main" type="Spatial"]
script = ExtResource( 1 )

[node name="land" type="Spatial" parent="."]

[node name="Spatial" parent="land" instance=ExtResource( 2 )]
transform = Transform( 0.998425, 0, -0.0561025, 0, 1, 0, 0.0561025, 0, 0.998425, -23.9211, 3.93028, -4.45789 )

[node name="walls" parent="land" instance=ExtResource( 3 )]
transform = Transform( 0.669804, 0, -0.742538, 0, 1, 0, 0.742538, 0, 0.669804, 6.36221, 1.81705, 6.1426 )

[node name="walls5" parent="land" instance=ExtResource( 3 )]
transform = Transform( 0.998577, 0.0291002, 0.0447003, -0.0266855, 0.998201, -0.0536959, -0.0461823, 0.0524266, 0.997556, -14.6776, 5.49003, -3.92425 )

[node name="walls9" parent="land" instance=ExtResource( 3 )]
transform = Transform( -0.837471, 0.542325, -0.0672731, -0.488057, -0.797629, -0.354385, -0.245851, -0.263954, 0.932677, -8.1948, 7.02574, 0.833622 )

[node name="walls3" parent="land" instance=ExtResource( 3 )]
transform = Transform( 0.559033, -0.368944, -0.742538, 0.550824, 0.834621, 0, 0.619738, -0.409008, 0.669804, -4.69936, 0.9352, -6.49881 )

[node name="walls11" parent="land" instance=ExtResource( 3 )]
transform = Transform( -0.400246, 0.913935, -0.0672731, -0.846696, -0.396885, -0.354385, -0.350584, -0.0848811, 0.932677, 5.41001, 16.0163, 4.95909 )

[node name="walls2" parent="land" instance=ExtResource( 3 )]
transform = Transform( 0.692834, -0.0725686, 0.717436, 0.107419, 0.994209, -0.00317183, -0.713051, 0.0792642, 0.696617, 6.08405, 1.15058, -5.79383 )

[node name="walls8" parent="land" instance=ExtResource( 3 )]
transform = Transform( -0.10653, 0.0439488, 0.993338, 0.162241, 0.986402, -0.0262425, -0.980984, 0.158365, -0.112212, -24.0818, 5.48446, -11.3108 )

[node name="walls10" parent="land" instance=ExtResource( 3 )]
transform = Transform( 0.179769, 0.523404, -0.832906, 0.297811, -0.835923, -0.461022, -0.937546, -0.165171, -0.306148, -0.45355, 14.7342, -4.0298 )

[node name="walls4" parent="land" instance=ExtResource( 3 )]
transform = Transform( 0.692834, -0.0725686, 0.717436, 0.107419, 0.994209, -0.00317183, -0.713051, 0.0792642, 0.696617, -5.10602, 1.92367, 6.57809 )

[node name="walls7" parent="land" instance=ExtResource( 3 )]
transform = Transform( -0.10653, 0.0439488, 0.993338, 0.162241, 0.986402, -0.0262425, -0.980984, 0.158365, -0.112212, -21.6284, 5.31989, 5.20691 )

[node name="walls12" parent="land" instance=ExtResource( 3 )]
transform = Transform( 0.179769, 0.523404, -0.832906, 0.297811, -0.835923, -0.461022, -0.937546, -0.165171, -0.306148, -2.56728, 7.4107, 10.8288 )

[node name="land2" type="Spatial" parent="."]
editor/display_folded = true

[node name="Spatial" parent="land2" instance=ExtResource( 2 )]
transform = Transform( 0.998425, 0, -0.0561025, 0, 1, 0, 0.0561025, 0, 0.998425, 0, 0, 0 )

[node name="walls" parent="land2" instance=ExtResource( 3 )]
transform = Transform( 1, 0, 0, 0, 1, 0, 0, 0, 1, 8.86593, 1.81705, 0 )

[node name="walls3" parent="land2" instance=ExtResource( 3 )]
transform = Transform( 0.834621, -0.550824, 0, 0.550824, 0.834621, 0, 0, 0, 1, -8.03888, 0.9352, -0.514996 )

[node name="walls2" parent="land2" instance=ExtResource( 3 )]
transform = Transform( -0.0654038, 0.0102499, 0.997806, 0.107419, 0.994209, -0.00317183, -0.99206, 0.106976, -0.066126, -0.292627, 1.15058, -8.04988 )

[node name="walls4" parent="land2" instance=ExtResource( 3 )]
transform = Transform( -0.0654038, 0.0102499, 0.997806, 0.107419, 0.994209, -0.00317183, -0.99206, 0.106976, -0.066126, 1.39883, 1.92367, 8.54593 )

[node name="KinematicBody" parent="." instance=ExtResource( 4 )]
transform = Transform( -4.37114e-008, 1, -4.37114e-008, 0, -4.37114e-008, -1, -1, -4.37114e-008, 1.91069e-015, 0, 2.4313, 0 )
script = ExtResource( 5 )

[node name="Camera" type="Camera" parent="KinematicBody"]
transform = Transform( 0.999804, 0.0175582, 0.0092001, 0.000804509, -0.499683, 0.866208, 0.0198062, -0.86603, -0.499599, -2.2378e-007, 5.11949, -4.88791 )

[node name="ball" parent="." instance=ExtResource( 6 )]
transform = Transform( 0.998425, 0, -0.0561025, 0, 1, 0, 0.0561025, 0, 0.998425, -23.9211, 5.67933, -4.45789 )

[node name="goal" parent="." instance=ExtResource( 7 )]
transform = Transform( -0.191858, 0, 0.981423, 0, 1, 0, -0.981423, 0, -0.191858, -30.9659, 7.79182, 0.0818405 )

[node name="points_darkmatter" parent="." instance=ExtResource( 8 )]
transform = Transform( 1, 0, 0, 0, 1, 0, 0, 0, 1, 4.26983, 1.79052, 4.53207 )
script = ExtResource( 9 )

[node name="Area" type="Area" parent="."]

[node name="CollisionShape" type="CollisionShape" parent="Area"]
transform = Transform( 0.998857, 0, -0.0477893, 0, 1, 0, 0.0477893, 0, 0.998857, -31.1658, 2.17965, -0.864753 )
shape = SubResource( 1 )
[connection signal="body_entered" from="points_darkmatter" to="points_darkmatter" method="_on_points_darkmatter_body_entered"]
[connection signal="body_entered" from="Area" to="." method="_on_Area_body_entered"]
